19880442
18837955
21198394
19772297
22450265
22122616
20837086
20247437
20003621
19903846
20396321
21025368
19147199
22150448
20243227
18939848
20158007
18769696
20565222
17658892
19980289
18967763
21640401
21247302
21091272
20018965
21071746
19482041
21083528
23157618
22652924
21894922
19481705
19663766
22617330
21205498
19027872
20703744
20753223
21694873
20975934
18950686
20144301
19066942
18612274
18871404
19889669
18514915
20241508
21781721
21450716
23047174
20709618
21628098
19924357
19466247
20471019
22039635
20269083
19695371
21165353
21172174
19665276
18678465
20406196
20258092
20331501
21014530
21034109
20862679
19829842
21951274
20402959
22489471
21484425
22785692
19293471
19431756
21408933
21913900
1418893
