1212531
1221346
1313085
1212657
1587195
1388038
1241444
1270662
1237275
1200655
1223277
1202637
1099036
1486504
1214664
1181672
1289958
1295145
1376168
1218499
1306044
1222723
1420484
1343652
1282086
1201094
1187012
1159983
1440756
1568034
1313885
1320783
1182052
1294763
1505127
1253181
1158875
1269707
1269155
1305983
1238264
1133482
1246980
1111448
1094896
1211437
1303553
1198241
1291333
1301259
1518626
1512793
1334792
1336480
1212527
1246293
1354065
1396205
1243896
1225517
1283348
1195468
1127074
1247600
1272200
1211445
1234577
1201238
1182307
1165812
1198880
1521474
1208006
1460172
1467294
1413179
1272036
1235231
1358227
1314856
84659
