4065781
4036603
4228450
4012862
5146919
4646317
4147287
4216916
4121044
4050863
4153400
4120641
3800853
4897172
4173076
3871372
4214236
4042339
4371695
3813390
4197939
3947432
4548952
4461750
4159934
4008574
4083385
3967246
4633974
5207796
4486754
4416988
3982683
4215341
4877564
4197404
3844523
4257811
4150364
4319211
4161253
3798075
4216976
3721084
3733564
4040115
4206533
3949581
4153213
4242548
4727044
4823340
4306169
4292076
3990826
4167597
4389525
4510514
4083978
4012832
4263294
4112427
3924882
4008300
4112458
4000751
4146354
4186915
4087575
4017814
4111009
4857529
4145419
4711492
4682154
4487049
4023816
3995224
4319695
4379806
288849
