2456065
2433133
2550388
2437131
3145966
2764026
2481576
2510676
2507641
2473135
2517942
2462478
2300434
2947694
2491598
2339129
2528821
2478997
2653446
2318960
2502562
2342489
2761117
2708588
2551397
2445927
2438540
2418593
2819837
3157517
2664722
2614080
2359482
2594775
3008998
2507440
2298850
2547178
2498580
2607675
2529591
2313756
2559046
2251730
2245059
2413238
2553721
2408751
2504480
2587168
2915588
2942961
2587319
2644033
2431599
2507932
2647198
2761548
2455030
2429519
2597559
2473518
2328189
2435010
2508481
2427265
2539495
2513281
2451482
2389430
2468465
2991375
2473414
2813402
2889720
2740229
2448090
2435907
2640185
2663183
163281
