8447441
8365568
9192330
8474106
10368422
10040451
9531500
9471553
8836799
8518494
8752808
8759316
7983236
10004146
9020740
8711894
9212785
8407142
9166901
8105336
8991985
8671881
9781946
9375070
8932955
8493332
8772644
8399477
9472759
10594836
10148914
9846573
8958220
8928580
10185102
9417948
8546196
9534357
9007462
9247482
8811482
8051353
8726740
7986059
7891724
8403281
8757367
8166798
8740786
9121371
9547095
10192711
9388701
9625123
8624758
8560821
9047028
9453198
8707968
8452970
9008277
8692388
8352754
8174286
8916535
8534804
8629639
8810418
8831297
8761608
8452489
9892295
9168399
10314740
9848507
10053048
9181489
8685602
9304198
9401065
617949
