501609
511510
531804
515111
647758
547718
500314
545761
513961
495462
508473
522845
479141
618796
463978
473844
543156
520045
562701
510024
523006
471047
580676
521921
526959
516300
505736
502612
596175
644316
505374
523435
517729
566662
603490
499287
492649
551818
539956
524500
525419
481433
503972
464675
478475
495392
520168
493485
520324
538127
628834
613387
551692
545596
507266
521576
532150
554157
515620
490606
539316
506933
484004
519857
505231
509352
511293
507129
502083
496178
501700
641403
473058
574400
580783
556562
525688
516776
561865
525294
36168
